phone
13906706651
18632345917
13720345885
18187487253
15028164888
13957306766
13713989641
13797015555
13823373929
15678977777
18177637108
18068287633
18802584558
18074056136
13403250526
18919400098
13739556058
18286860088
18032026601
15013380231
13706288677
13548850778
13430399684
15837832625
15518535588
17717549665
15609473777
15120209268
15887829817
18661893857
17356915519
18138900272
13391071169
13967515881
15940133398
17056973000
15076175877
15959741436
13906408888
18500047486
15881031083
13928330981
13823305829
18322756520
18588791233
17351762004
15117721488
13861136358
13911333056
15066582232
13951678107
13821794415
13540739094
13905502309
18691561211
15383300083
13867908622
13911333056
13305750181
13757693568
13705559202
13964126618
18659948473
18902891634
15257087905
15878329886
13475756061
13761988433
17568121448
15138750833
13774219760
13966214339
13867423856
17503827930
17719778193
13474519028
15956960456
13775320909
13077060810
13771732783
13867576312
13666217105
15737101392
13479891518
13561486418
15801555008
13976228889
